[name]
unknown

[dist]
# distance from previous block
# <min> <max>
0	111

[block]
# block no. 0 follows, 68 sequences, length 9
# corresponding to MSA columns:
# 129-137
name=unknown_A
#
# <colnr> <probs for GDERKNQSTAVLIFYWHMCP>
#	G	D	E	R	K	N	Q	S	T	A	V	L	I	F	Y	W	H	M	C	P
0	0.00937	0.02199	0.09447	0.03757	0.06037	0.02442	0.08859	0.04155	0.04214	0.08642	0.02857	0.01496	0.02121	0.00474	0.00386	0.00110	0.00405	0.10674	0.00277	0.30509
1	0.00626	0.00457	0.00556	0.00544	0.00595	0.00496	0.00369	0.00814	0.11154	0.00930	0.01238	0.02129	0.01272	0.49228	0.27484	0.00431	0.00586	0.00513	0.00253	0.00325
2	0.00908	0.00982	0.01921	0.01407	0.01722	0.00984	0.55486	0.01172	0.00856	0.01210	0.00734	0.00998	0.00584	0.00401	0.00611	0.00132	0.17482	0.00414	0.00200	0.11799
3	0.03085	0.01060	0.03653	0.15381	0.08246	0.11640	0.39395	0.01214	0.00899	0.01186	0.00773	0.01033	0.00605	0.00498	0.04514	0.00152	0.02488	0.00394	0.03287	0.00499
4	0.02631	0.07077	0.20891	0.01087	0.08144	0.07065	0.11968	0.07813	0.04313	0.03868	0.13219	0.04167	0.02306	0.00505	0.00420	0.00124	0.02066	0.01539	0.00269	0.00527
5	0.00497	0.00385	0.00454	0.00486	0.00572	0.00342	0.00353	0.00604	0.00888	0.01139	0.15961	0.32580	0.38311	0.01061	0.00485	0.00144	0.00217	0.04803	0.00379	0.00338
6	0.00692	0.00584	0.00566	0.00564	0.00640	0.11160	0.00392	0.00779	0.00855	0.03602	0.18247	0.23345	0.10331	0.22612	0.03678	0.00215	0.00351	0.00717	0.00327	0.00343
7	0.00906	0.04327	0.29883	0.09803	0.05139	0.04316	0.16184	0.04871	0.03039	0.01269	0.00744	0.00919	0.00567	0.00384	0.00428	0.00119	0.04739	0.00332	0.00203	0.11830
8	0.01022	0.21559	0.29709	0.03856	0.02924	0.15133	0.04121	0.05952	0.05246	0.01203	0.00768	0.03684	0.00631	0.00421	0.00374	0.00115	0.02219	0.00318	0.00209	0.00536

[dist]
# distance from previous block
# <min> <max>
2	24

[block]
# block no. 1 follows, 68 sequences, length 27
# corresponding to MSA columns:
# 163-178,191-201
name=unknown_B
#
# <colnr> <probs for GDERKNQSTAVLIFYWHMCP>
#	G	D	E	R	K	N	Q	S	T	A	V	L	I	F	Y	W	H	M	C	P
0	0.02932	0.02354	0.10732	0.02853	0.04596	0.02699	0.07303	0.20733	0.17965	0.17188	0.02342	0.03063	0.00886	0.00482	0.00416	0.00126	0.01974	0.00400	0.00346	0.00608
1	0.08803	0.15030	0.33663	0.04431	0.13289	0.06318	0.03922	0.01311	0.07370	0.01262	0.00745	0.00869	0.00576	0.00381	0.00353	0.00117	0.00506	0.00300	0.00202	0.00554
2	0.01126	0.73410	0.01939	0.00721	0.01050	0.06757	0.00691	0.08427	0.00920	0.01075	0.00591	0.00669	0.00524	0.00356	0.00274	0.00089	0.00443	0.00228	0.00192	0.00520
3	0.25284	0.05017	0.18058	0.00774	0.02143	0.00804	0.03715	0.03115	0.02367	0.16037	0.02214	0.02856	0.00713	0.00413	0.00333	0.00113	0.00386	0.00317	0.02216	0.13127
4	0.00488	0.00349	0.00466	0.00558	0.00583	0.00326	0.00377	0.00561	0.00764	0.01018	0.02183	0.83257	0.02612	0.01238	0.00507	0.00162	0.00234	0.03629	0.00368	0.00323
5	0.00526	0.00376	0.00485	0.00520	0.00581	0.00348	0.00370	0.00650	0.00917	0.01265	0.34321	0.43204	0.07815	0.01026	0.00481	0.00143	0.00213	0.02847	0.03565	0.00346
6	0.00496	0.00398	0.00442	0.00440	0.00554	0.00345	0.00327	0.00618	0.00955	0.01213	0.26256	0.09672	0.54955	0.00967	0.00471	0.00133	0.00199	0.00825	0.00387	0.00345
7	0.00527	0.00400	0.00519	0.00575	0.00652	0.00371	0.01606	0.00639	0.00841	0.01078	0.02633	0.41033	0.24134	0.01126	0.00507	0.00159	0.00264	0.22231	0.00365	0.00340
8	0.32475	0.00727	0.00813	0.00650	0.00935	0.00720	0.00536	0.05224	0.01005	0.51313	0.01180	0.01083	0.00773	0.00447	0.00345	0.00123	0.00331	0.00332	0.00400	0.00588
9	0.00826	0.00765	0.01230	0.46251	0.20991	0.00855	0.02038	0.02113	0.00832	0.01144	0.00752	0.01085	0.00609	0.00405	0.00428	0.00122	0.04487	0.02115	0.01957	0.10992
10	0.88866	0.00767	0.00583	0.00521	0.00767	0.00889	0.00429	0.01166	0.00675	0.01779	0.00552	0.00644	0.00429	0.00368	0.00245	0.00123	0.00307	0.00215	0.00245	0.00429
11	0.00492	0.00350	0.00464	0.00553	0.00581	0.00328	0.00375	0.00567	0.00768	0.01026	0.02206	0.80253	0.04169	0.01221	0.00504	0.00160	0.00233	0.03813	0.01613	0.00324
12	0.80146	0.00781	0.00621	0.00546	0.00792	0.00900	0.00449	0.07066	0.00766	0.01823	0.00601	0.00689	0.00463	0.00378	0.00257	0.00122	0.00313	0.00229	0.02612	0.00446
13	0.00578	0.00403	0.00532	0.00585	0.00637	0.00395	0.00425	0.00674	0.02594	0.03212	0.03905	0.52959	0.09138	0.01150	0.00609	0.06926	0.03140	0.11447	0.00352	0.00338
14	0.00760	0.07803	0.07003	0.24133	0.02697	0.01917	0.00731	0.02886	0.00852	0.04944	0.01505	0.20799	0.08156	0.03465	0.00476	0.00144	0.00391	0.07882	0.01880	0.01575
15	0.00973	0.03302	0.01272	0.34232	0.04821	0.05214	0.10966	0.09669	0.09196	0.05720	0.00996	0.04665	0.02395	0.00466	0.00424	0.00128	0.02405	0.00410	0.00257	0.02489
16	0.00482	0.00391	0.00427	0.00442	0.00550	0.00337	0.00323	0.00586	0.00899	0.01117	0.12451	0.19997	0.58557	0.01030	0.00476	0.00138	0.00205	0.00881	0.00376	0.00337
17	0.00662	0.00446	0.00557	0.00527	0.00642	0.00416	0.00395	0.00876	0.05994	0.08019	0.51140	0.12899	0.14207	0.00848	0.00463	0.00131	0.00214	0.00742	0.00421	0.00402
18	0.03650	0.00776	0.00874	0.00719	0.00970	0.02247	0.00578	0.16265	0.21983	0.32286	0.01382	0.01301	0.00967	0.00491	0.00376	0.00120	0.00332	0.00392	0.13683	0.00606
19	0.01363	0.01577	0.01093	0.03099	0.01220	0.58626	0.00753	0.06432	0.14051	0.02842	0.00808	0.00878	0.00641	0.00448	0.00413	0.00113	0.04587	0.00302	0.00251	0.00502
20	0.00505	0.00361	0.00462	0.00527	0.00559	0.00338	0.00352	0.00576	0.00769	0.01024	0.07825	0.61688	0.06889	0.13513	0.00722	0.00190	0.00251	0.02779	0.00354	0.00315
21	0.00502	0.00364	0.00477	0.00558	0.00594	0.00344	0.00383	0.00602	0.02407	0.01054	0.04862	0.74481	0.05816	0.01198	0.00503	0.00159	0.00235	0.04757	0.00371	0.00332
22	0.00903	0.00845	0.01305	0.06026	0.13236	0.01036	0.09196	0.03956	0.00754	0.03440	0.00705	0.01066	0.00639	0.05864	0.04501	0.00188	0.45285	0.00380	0.00202	0.00473
23	0.00992	0.00707	0.02878	0.00692	0.02114	0.00692	0.00550	0.20154	0.10800	0.13127	0.15094	0.06319	0.18806	0.01633	0.03479	0.00149	0.00334	0.00574	0.00393	0.00512
24	0.00564	0.00429	0.00628	0.00634	0.00691	0.00469	0.02766	0.00675	0.00686	0.00963	0.01439	0.30755	0.01558	0.07913	0.42501	0.00412	0.04061	0.00676	0.01838	0.00344
25	0.03377	0.37042	0.02974	0.00748	0.01053	0.04786	0.00670	0.20152	0.05223	0.13894	0.03096	0.00956	0.00754	0.00425	0.00330	0.00105	0.00407	0.00308	0.03134	0.00567
26	0.04061	0.05240	0.03062	0.04387	0.03229	0.00815	0.00647	0.10864	0.20457	0.28013	0.05449	0.04306	0.01166	0.03436	0.00453	0.00136	0.00356	0.02955	0.00386	0.00582

[dist]
# distance from previous block
# <min> <max>
1	15

[block]
# block no. 2 follows, 68 sequences, length 8
# corresponding to MSA columns:
# 217-224
name=unknown_C
#
# <colnr> <probs for GDERKNQSTAVLIFYWHMCP>
#	G	D	E	R	K	N	Q	S	T	A	V	L	I	F	Y	W	H	M	C	P
0	0.03457	0.03465	0.04339	0.29061	0.05601	0.26718	0.03482	0.04767	0.03818	0.01157	0.00711	0.00903	0.00561	0.00401	0.00395	0.00115	0.02883	0.00310	0.00210	0.07646
1	0.04476	0.03129	0.01160	0.02942	0.07339	0.29483	0.02628	0.24407	0.07056	0.02953	0.00827	0.00908	0.00639	0.00435	0.00401	0.00113	0.03567	0.00317	0.02348	0.04872
2	0.00510	0.00369	0.00479	0.00545	0.00585	0.00339	0.00364	0.00580	0.00748	0.01009	0.02025	0.74275	0.02410	0.07888	0.00613	0.00173	0.00246	0.01032	0.00350	0.05459
3	0.00547	0.00420	0.00503	0.00487	0.00594	0.00386	0.00363	0.00741	0.04610	0.01400	0.50760	0.08882	0.27075	0.00886	0.00468	0.00130	0.00200	0.00769	0.00410	0.00370
4	0.00506	0.00377	0.00462	0.00505	0.00569	0.00344	0.00355	0.00601	0.00846	0.01106	0.14920	0.41863	0.23752	0.07276	0.00602	0.00166	0.00234	0.04817	0.00369	0.00329
5	0.00521	0.00385	0.00486	0.00500	0.00577	0.00351	0.00360	0.00656	0.00970	0.01319	0.44270	0.29590	0.16591	0.00981	0.00480	0.00138	0.00203	0.00868	0.00403	0.00351
6	0.00535	0.00393	0.00504	0.00518	0.00598	0.00362	0.00384	0.00680	0.00983	0.01340	0.45519	0.24493	0.13949	0.00970	0.00484	0.00140	0.00214	0.07175	0.00404	0.00355
7	0.31901	0.01436	0.00925	0.00831	0.01055	0.51016	0.00639	0.01456	0.00968	0.05576	0.00641	0.00723	0.00507	0.00399	0.00321	0.00110	0.00553	0.00249	0.00234	0.00460

[dist]
# distance from previous block
# <min> <max>
0	1

[block]
# block no. 3 follows, 68 sequences, length 15
# corresponding to MSA columns:
# 226-240
name=unknown_D
#
# <colnr> <probs for GDERKNQSTAVLIFYWHMCP>
#	G	D	E	R	K	N	Q	S	T	A	V	L	I	F	Y	W	H	M	C	P
0	0.01592	0.00673	0.00890	0.00705	0.00988	0.00601	0.00577	0.03912	0.05146	0.67477	0.01564	0.05499	0.01093	0.00542	0.00405	0.00125	0.00333	0.03228	0.00463	0.04188
1	0.02395	0.12154	0.07589	0.10932	0.04332	0.07876	0.03429	0.28218	0.16185	0.01656	0.00928	0.00992	0.00700	0.00437	0.00375	0.00119	0.00464	0.00343	0.00294	0.00583
2	0.07645	0.22958	0.13439	0.00896	0.08024	0.00975	0.03050	0.07516	0.03060	0.02822	0.04114	0.06367	0.02274	0.00447	0.00342	0.00105	0.00399	0.00357	0.00245	0.14965
3	0.03475	0.16843	0.23836	0.17042	0.04402	0.06938	0.03210	0.03615	0.00886	0.06125	0.02162	0.03420	0.02087	0.00439	0.00402	0.00120	0.03922	0.00342	0.00216	0.00517
4	0.00920	0.35953	0.40671	0.01016	0.01479	0.01193	0.11276	0.01230	0.00837	0.01127	0.00658	0.00785	0.00517	0.00356	0.00339	0.00110	0.00531	0.00282	0.00172	0.00548
5	0.00985	0.05635	0.22662	0.00877	0.01158	0.31690	0.02132	0.01203	0.02662	0.01091	0.04130	0.05961	0.12892	0.04668	0.00468	0.00131	0.00523	0.00434	0.00240	0.00461
6	0.08056	0.12572	0.22311	0.09294	0.02503	0.04285	0.03470	0.06629	0.04286	0.03858	0.04754	0.05187	0.07885	0.02756	0.00418	0.00129	0.00441	0.00412	0.00253	0.00501
7	0.19445	0.00668	0.01857	0.19206	0.05946	0.00720	0.06660	0.02416	0.00758	0.05021	0.00967	0.08636	0.03273	0.03740	0.00673	0.15829	0.03123	0.00423	0.00236	0.00404
8	0.00485	0.00382	0.00432	0.00467	0.00553	0.00336	0.00332	0.00573	0.00841	0.01049	0.04669	0.33176	0.47184	0.04962	0.00555	0.00156	0.00224	0.02933	0.00364	0.00327
9	0.30911	0.01064	0.09676	0.04058	0.14191	0.07808	0.11216	0.06039	0.00900	0.06475	0.00755	0.02384	0.00589	0.00402	0.00366	0.00124	0.01954	0.00323	0.00243	0.00521
10	0.00854	0.14196	0.57543	0.01113	0.01601	0.01046	0.09574	0.01225	0.00826	0.01188	0.00683	0.00834	0.00515	0.00390	0.00436	0.00124	0.06821	0.00303	0.00172	0.00558
11	0.05945	0.10659	0.37178	0.00954	0.01362	0.00909	0.07622	0.06462	0.00941	0.13185	0.02740	0.03458	0.00804	0.02690	0.00422	0.00131	0.00482	0.03246	0.00256	0.00554
12	0.00521	0.00380	0.00495	0.00564	0.00610	0.00363	0.00396	0.00651	0.03936	0.01110	0.10516	0.65652	0.05313	0.01153	0.00500	0.00157	0.00237	0.06728	0.00376	0.00342
13	0.18942	0.05525	0.07093	0.02333	0.01121	0.03494	0.09799	0.06413	0.07185	0.19304	0.01215	0.02818	0.04886	0.00490	0.00370	0.00124	0.00396	0.03407	0.04553	0.00530
14	0.04410	0.09757	0.40979	0.00915	0.01311	0.00874	0.03671	0.04369	0.04528	0.05343	0.01175	0.03686	0.07018	0.00635	0.04705	0.00153	0.00504	0.05197	0.00242	0.00529

[dist]
# distance from previous block
# <min> <max>
0	72

[block]
# block no. 4 follows, 68 sequences, length 10
# corresponding to MSA columns:
# 313-322
name=unknown_E
#
# <colnr> <probs for GDERKNQSTAVLIFYWHMCP>
#	G	D	E	R	K	N	Q	S	T	A	V	L	I	F	Y	W	H	M	C	P
0	0.29352	0.05095	0.02709	0.08587	0.02475	0.05108	0.03770	0.03099	0.02183	0.07724	0.06411	0.02885	0.00824	0.00429	0.00352	0.00112	0.02367	0.00326	0.00266	0.15928
1	0.00527	0.00371	0.00460	0.00508	0.00538	0.00354	0.00335	0.00586	0.00732	0.00969	0.05711	0.43213	0.07769	0.30365	0.01024	0.00236	0.00287	0.05390	0.00327	0.00300
2	0.00903	0.00842	0.05176	0.19234	0.10550	0.05030	0.04063	0.06912	0.11845	0.04439	0.08203	0.03773	0.06605	0.00543	0.00430	0.00128	0.02634	0.02359	0.05830	0.00501
3	0.00712	0.04491	0.02705	0.06367	0.00875	0.00579	0.02169	0.04342	0.08680	0.03493	0.34920	0.11121	0.09436	0.04466	0.00505	0.00139	0.00281	0.00640	0.03656	0.00422
4	0.00535	0.00431	0.00519	0.00548	0.04830	0.00383	0.00380	0.00680	0.00998	0.01307	0.38216	0.03300	0.44668	0.00887	0.00464	0.00129	0.00209	0.00760	0.00389	0.00367
5	0.15053	0.01278	0.06675	0.03498	0.04356	0.28733	0.00760	0.05663	0.21442	0.01380	0.00879	0.00947	0.00686	0.00454	0.00424	0.00123	0.06545	0.00318	0.00264	0.00520
6	0.17954	0.00820	0.00870	0.00755	0.00944	0.04464	0.00602	0.11201	0.20998	0.09893	0.01058	0.01195	0.00839	0.04951	0.10804	0.00206	0.11248	0.00370	0.00312	0.00516
7	0.00982	0.37818	0.37146	0.00911	0.01338	0.09120	0.01022	0.01300	0.04950	0.01111	0.00679	0.00772	0.00541	0.00372	0.00324	0.00106	0.00516	0.00263	0.00184	0.00543
8	0.00948	0.00744	0.00894	0.02914	0.03473	0.02501	0.03764	0.19110	0.17767	0.04061	0.06520	0.07485	0.07305	0.05497	0.00535	0.00153	0.00366	0.15098	0.00362	0.00503
9	0.10976	0.00766	0.00950	0.00787	0.01026	0.00791	0.07262	0.15464	0.13452	0.08383	0.01217	0.08205	0.01065	0.02421	0.03697	0.00150	0.02001	0.07896	0.00329	0.13162

[dist]
# distance from previous block
# <min> <max>
2	3

[block]
# block no. 5 follows, 68 sequences, length 7
# corresponding to MSA columns:
# 326-332
name=unknown_F
#
# <colnr> <probs for GDERKNQSTAVLIFYWHMCP>
#	G	D	E	R	K	N	Q	S	T	A	V	L	I	F	Y	W	H	M	C	P
0	0.03118	0.03741	0.12135	0.15215	0.19935	0.02375	0.10531	0.10183	0.06539	0.06570	0.00932	0.02574	0.00739	0.00437	0.00400	0.00126	0.00487	0.03146	0.00253	0.00563
1	0.00796	0.13772	0.01325	0.72223	0.02469	0.00986	0.01037	0.01040	0.00795	0.01001	0.00681	0.00993	0.00526	0.00388	0.00375	0.00125	0.00513	0.00331	0.00175	0.00451
2	0.15438	0.01176	0.24073	0.10691	0.08654	0.00887	0.09627	0.06516	0.03605	0.05830	0.00787	0.00922	0.00583	0.00381	0.00363	0.00119	0.00471	0.00320	0.00234	0.09322
3	0.00983	0.04871	0.08296	0.13891	0.29138	0.03753	0.03039	0.15695	0.02981	0.01413	0.01002	0.09492	0.02730	0.00493	0.00400	0.00124	0.00460	0.00433	0.00252	0.00554
4	0.09427	0.00472	0.00550	0.02760	0.00718	0.00481	0.00453	0.02463	0.04115	0.01309	0.08671	0.23029	0.10616	0.00876	0.00438	0.00143	0.00270	0.19054	0.13776	0.00378
5	0.00656	0.00516	0.00686	0.00649	0.00768	0.00569	0.00502	0.00945	0.13207	0.01064	0.01119	0.01518	0.01004	0.05975	0.59645	0.00492	0.00841	0.00416	0.00245	0.09183
6	0.00986	0.03649	0.02763	0.06231	0.12418	0.02049	0.04508	0.08522	0.00967	0.14618	0.03772	0.11738	0.02891	0.09092	0.00554	0.00148	0.00368	0.00499	0.13740	0.00486

[dist]
# distance from previous block
# <min> <max>
0	3

[block]
# block no. 6 follows, 68 sequences, length 19
# corresponding to MSA columns:
# 336-354
name=unknown_G
#
# <colnr> <probs for GDERKNQSTAVLIFYWHMCP>
#	G	D	E	R	K	N	Q	S	T	A	V	L	I	F	Y	W	H	M	C	P
0	0.08016	0.02154	0.11210	0.24931	0.06004	0.02916	0.10648	0.14738	0.01822	0.07176	0.00807	0.00976	0.00595	0.00410	0.00417	0.00125	0.03458	0.00346	0.00248	0.03004
1	0.69277	0.00824	0.00700	0.00597	0.00853	0.00942	0.00491	0.17043	0.00920	0.01915	0.02952	0.00769	0.00570	0.00402	0.00281	0.00122	0.00329	0.00257	0.00280	0.00476
2	0.88866	0.00767	0.00583	0.00521	0.00767	0.00889	0.00429	0.01166	0.00675	0.01779	0.00552	0.00644	0.00429	0.00368	0.00245	0.00123	0.00307	0.00215	0.00245	0.00429
3	0.00539	0.00448	0.00567	0.14112	0.00914	0.00437	0.00459	0.00691	0.02210	0.01143	0.15751	0.17839	0.41626	0.00910	0.00462	0.00137	0.00259	0.00785	0.00349	0.00360
4	0.00739	0.00430	0.00543	0.00529	0.00618	0.00401	0.00375	0.00832	0.00841	0.14411	0.14110	0.23284	0.09544	0.23599	0.03815	0.00223	0.00312	0.03332	0.01695	0.00369
5	0.01549	0.01043	0.01148	0.00880	0.01196	0.01130	0.00727	0.69883	0.01752	0.15045	0.01046	0.01013	0.00722	0.00478	0.00397	0.00120	0.00421	0.00363	0.00411	0.00674
6	0.00561	0.00398	0.00463	0.00447	0.00553	0.00361	0.00335	0.00720	0.01006	0.01407	0.44984	0.02993	0.28565	0.00816	0.00437	0.00122	0.00191	0.00699	0.14580	0.00361
7	0.00956	0.00828	0.00949	0.14395	0.01307	0.00952	0.00699	0.04487	0.62511	0.01562	0.01396	0.01358	0.01049	0.00500	0.00396	0.00129	0.00351	0.00418	0.00357	0.05398
8	0.01384	0.07864	0.01304	0.01119	0.14476	0.01157	0.00806	0.56246	0.01558	0.06593	0.00914	0.00950	0.00668	0.00441	0.00382	0.00115	0.00432	0.00344	0.00347	0.02899
9	0.00757	0.00699	0.01149	0.56819	0.04412	0.00818	0.06434	0.01081	0.07424	0.01183	0.14119	0.01397	0.01109	0.00469	0.00413	0.00131	0.00464	0.00427	0.00239	0.00456
10	0.00597	0.00499	0.00531	0.00506	0.00653	0.00482	0.00385	0.00933	0.18640	0.01289	0.17459	0.03161	0.51662	0.00869	0.00454	0.00132	0.00223	0.00732	0.00388	0.00405
11	0.00580	0.00452	0.00659	0.00865	0.13978	0.00435	0.00521	0.00682	0.00787	0.01062	0.01908	0.62259	0.02226	0.04514	0.00552	0.00165	0.00286	0.07363	0.00335	0.00372
12	0.00712	0.00586	0.00628	0.00585	0.00716	0.07165	0.02026	0.05278	0.03191	0.04321	0.31677	0.16122	0.23763	0.00852	0.00457	0.00131	0.00272	0.00735	0.00383	0.00399
13	0.07738	0.00570	0.00735	0.00840	0.14025	0.02814	0.00536	0.00910	0.02239	0.02533	0.55118	0.04840	0.02756	0.00700	0.00435	0.00125	0.00265	0.02021	0.00373	0.00428
14	0.01047	0.72538	0.02002	0.00962	0.14335	0.01468	0.00765	0.01192	0.00821	0.00991	0.00583	0.00692	0.00528	0.00341	0.00277	0.00090	0.00432	0.00235	0.00174	0.00528
15	0.00520	0.00374	0.00495	0.00578	0.00621	0.00355	0.00418	0.00613	0.00793	0.01043	0.02228	0.60008	0.06963	0.04779	0.00577	0.00174	0.00264	0.18507	0.00362	0.00329
16	0.00661	0.00477	0.00592	0.00624	0.00700	0.00479	0.00452	0.13753	0.00950	0.01266	0.01980	0.65616	0.02281	0.01107	0.00492	0.00156	0.00274	0.07386	0.00372	0.00382
17	0.01195	0.07796	0.01155	0.02197	0.04475	0.05913	0.03726	0.27170	0.28409	0.06243	0.01201	0.05260	0.00940	0.00508	0.00391	0.00123	0.00403	0.00414	0.01880	0.00600
18	0.35162	0.08939	0.02820	0.02302	0.09084	0.05038	0.00633	0.11135	0.00886	0.02432	0.00777	0.03665	0.00663	0.00830	0.13888	0.00202	0.00500	0.00318	0.00249	0.00479

[dist]
# distance from previous block
# <min> <max>
0	3

[block]
# block no. 7 follows, 68 sequences, length 7
# corresponding to MSA columns:
# 370-376
name=unknown_H
#
# <colnr> <probs for GDERKNQSTAVLIFYWHMCP>
#	G	D	E	R	K	N	Q	S	T	A	V	L	I	F	Y	W	H	M	C	P
0	0.06967	0.00633	0.00709	0.00580	0.00822	0.00574	0.00455	0.03088	0.11096	0.04833	0.14413	0.03914	0.09000	0.00525	0.00360	0.00099	0.00270	0.00434	0.04699	0.36530
1	0.02907	0.04702	0.20306	0.00944	0.04647	0.12527	0.00857	0.11221	0.10088	0.10537	0.03044	0.01010	0.00754	0.00434	0.00402	0.00114	0.03623	0.00328	0.00280	0.11275
2	0.00886	0.04614	0.03098	0.07287	0.10991	0.03192	0.10725	0.05724	0.14722	0.03570	0.02760	0.19932	0.01255	0.00618	0.00421	0.00129	0.00401	0.02718	0.00297	0.06659
3	0.00571	0.00450	0.00478	0.00453	0.00590	0.00406	0.00344	0.06330	0.01005	0.01281	0.17457	0.03353	0.59774	0.00907	0.00454	0.00129	0.00214	0.00760	0.04677	0.00367
4	0.01153	0.00979	0.00988	0.00847	0.01095	0.05775	0.00669	0.23427	0.56675	0.01843	0.01381	0.01296	0.01028	0.00514	0.00399	0.00129	0.00369	0.00413	0.00390	0.00631
5	0.80551	0.00758	0.00615	0.00539	0.00790	0.00860	0.00444	0.01239	0.00719	0.09617	0.00649	0.00711	0.00482	0.00380	0.00260	0.00123	0.00310	0.00232	0.00269	0.00453
6	0.00525	0.00389	0.00477	0.00515	0.00595	0.00356	0.00383	0.00646	0.00894	0.01182	0.18052	0.31810	0.26210	0.01039	0.00484	0.00146	0.00230	0.11717	0.04007	0.00343

[dist]
# distance from previous block
# <min> <max>
1	14

[block]
# block no. 8 follows, 68 sequences, length 32
# corresponding to MSA columns:
# 391-405,412-427,429
name=unknown_I
#
# <colnr> <probs for GDERKNQSTAVLIFYWHMCP>
#	G	D	E	R	K	N	Q	S	T	A	V	L	I	F	Y	W	H	M	C	P
0	0.01197	0.05948	0.20933	0.00912	0.04112	0.04327	0.00852	0.08563	0.04984	0.24045	0.00983	0.01008	0.00702	0.00436	0.00438	0.00115	0.06933	0.00327	0.00300	0.12883
1	0.04182	0.00740	0.00810	0.00736	0.00914	0.03870	0.00573	0.01533	0.39886	0.08132	0.03867	0.07888	0.02391	0.02817	0.10097	0.00197	0.04534	0.02859	0.00351	0.03623
2	0.03973	0.01065	0.01141	0.00881	0.01187	0.01175	0.00726	0.75355	0.01788	0.03660	0.04377	0.01033	0.00799	0.00487	0.00395	0.00119	0.00421	0.00368	0.00395	0.00655
3	0.00899	0.00906	0.00842	0.00781	0.00926	0.23265	0.05120	0.01119	0.09826	0.03644	0.02617	0.29871	0.09789	0.00789	0.00469	0.00135	0.03400	0.02579	0.00312	0.02711
4	0.00778	0.05722	0.70872	0.01035	0.01556	0.00888	0.01304	0.01189	0.00860	0.01260	0.07200	0.01097	0.03675	0.00431	0.00381	0.00124	0.00534	0.00341	0.00195	0.00557
5	0.01610	0.00927	0.08980	0.00803	0.01140	0.00793	0.00715	0.24007	0.01307	0.53504	0.01314	0.01191	0.00851	0.00476	0.00396	0.00122	0.00389	0.00377	0.00434	0.00666
6	0.00571	0.00382	0.00434	0.00439	0.00440	0.00381	0.00247	0.00575	0.00587	0.00782	0.01300	0.07129	0.01506	0.81443	0.01936	0.00372	0.00376	0.00607	0.00247	0.00245
7	0.00523	0.00412	0.00429	0.00419	0.00557	0.00346	0.00316	0.00631	0.00926	0.04165	0.08906	0.03671	0.75383	0.00973	0.00466	0.00133	0.00205	0.00813	0.00377	0.00350
8	0.00569	0.00401	0.00509	0.00531	0.00609	0.00373	0.00383	0.00719	0.03238	0.03881	0.30737	0.38475	0.12865	0.01901	0.00499	0.00146	0.00223	0.03184	0.00395	0.00362
9	0.00873	0.02897	0.17147	0.53149	0.02244	0.08249	0.01108	0.05644	0.00886	0.01136	0.00704	0.00966	0.00529	0.00404	0.00407	0.00127	0.02526	0.00330	0.00189	0.00484
10	0.00517	0.00409	0.00497	0.00552	0.03501	0.00367	0.00386	0.00633	0.00901	0.01158	0.16749	0.26459	0.39385	0.01020	0.00481	0.00142	0.00226	0.05891	0.00373	0.00350
11	0.00573	0.00420	0.00601	0.00607	0.00666	0.00473	0.00459	0.00692	0.00645	0.00911	0.01166	0.01942	0.01160	0.17786	0.63954	0.00561	0.00893	0.05928	0.00228	0.00334
12	0.00765	0.00721	0.01218	0.79488	0.08232	0.00885	0.01109	0.01027	0.00800	0.01032	0.00708	0.01052	0.00535	0.00393	0.00396	0.00131	0.00525	0.00352	0.00178	0.00453
13	0.01022	0.14295	0.16828	0.06086	0.04368	0.03566	0.32068	0.13345	0.02159	0.01382	0.00768	0.00935	0.00583	0.00373	0.00397	0.00121	0.00563	0.00363	0.00220	0.00558
14	0.04859	0.06870	0.09007	0.03597	0.35063	0.06024	0.07841	0.05802	0.04082	0.01307	0.02481	0.01059	0.01402	0.03643	0.00494	0.00131	0.05204	0.00359	0.00220	0.00554
15	0.01437	0.01819	0.01100	0.01003	0.01201	0.80398	0.00753	0.01541	0.01100	0.00968	0.00635	0.00756	0.00534	0.00533	0.04441	0.00128	0.00732	0.00264	0.00205	0.00455
16	0.00996	0.05276	0.02485	0.10106	0.43842	0.03623	0.10424	0.04215	0.03001	0.03812	0.00834	0.01025	0.01860	0.00376	0.00388	0.00116	0.00481	0.00359	0.00220	0.06562
17	0.00853	0.06503	0.05263	0.00674	0.02524	0.03175	0.00530	0.07497	0.05751	0.04821	0.12298	0.02409	0.05365	0.00931	0.00893	0.37224	0.01010	0.01639	0.00270	0.00369
18	0.82942	0.00761	0.00606	0.00534	0.00783	0.00869	0.00440	0.01218	0.00706	0.07363	0.00621	0.00692	0.00467	0.00376	0.00256	0.00123	0.00309	0.00227	0.00262	0.00446
19	0.00607	0.00417	0.00467	0.00461	0.00478	0.00427	0.00272	0.00688	0.06180	0.00842	0.01271	0.02485	0.01412	0.77603	0.03338	0.00368	0.00389	0.00562	0.01465	0.00270
20	0.00495	0.00380	0.00438	0.00468	0.00554	0.00336	0.00334	0.00597	0.00874	0.01127	0.12792	0.34164	0.40689	0.01049	0.00475	0.00141	0.00209	0.00913	0.03626	0.00336
21	0.00979	0.00948	0.01645	0.02397	0.79636	0.00945	0.05145	0.01219	0.00904	0.01294	0.00749	0.00986	0.00627	0.00352	0.00396	0.00119	0.00481	0.00359	0.00196	0.00624
22	0.05058	0.00690	0.00914	0.00704	0.01009	0.00611	0.00581	0.03989	0.01136	0.78657	0.01510	0.01313	0.00953	0.00486	0.00393	0.00123	0.00339	0.00391	0.00479	0.00665
23	0.00559	0.00383	0.00438	0.00446	0.00463	0.00374	0.00265	0.00583	0.00649	0.00860	0.06057	0.10941	0.07741	0.66706	0.01669	0.00330	0.00345	0.00658	0.00273	0.00263
24	0.01446	0.01071	0.01148	0.00895	0.01201	0.01188	0.00735	0.70786	0.12085	0.03768	0.01046	0.01025	0.00747	0.00484	0.00398	0.00121	0.00419	0.00369	0.00399	0.00668
25	0.01003	0.68281	0.19605	0.00775	0.01167	0.01430	0.00847	0.01202	0.00812	0.01002	0.00586	0.00679	0.00507	0.00347	0.00281	0.00094	0.00459	0.00229	0.00169	0.00525
26	0.01192	0.08872	0.11803	0.05069	0.01467	0.15279	0.16219	0.25069	0.02496	0.04060	0.04090	0.00996	0.00729	0.00424	0.00391	0.00118	0.00535	0.00356	0.00272	0.00562
27	0.00900	0.00710	0.00834	0.00603	0.00947	0.00551	0.00484	0.03664	0.00881	0.06554	0.02391	0.00902	0.00677	0.00322	0.00307	0.00066	0.00299	0.00259	0.00260	0.78388
28	0.00807	0.07723	0.76092	0.01082	0.01637	0.00949	0.01381	0.01237	0.00843	0.01243	0.03036	0.00883	0.00594	0.00386	0.00371	0.00123	0.00564	0.00299	0.00175	0.00575
29	0.01153	0.02826	0.01132	0.06580	0.01232	0.00872	0.07568	0.21729	0.03322	0.15365	0.04031	0.04072	0.00869	0.00484	0.00476	0.00116	0.08950	0.00387	0.00321	0.18517
30	0.00566	0.00385	0.00438	0.00446	0.00459	0.00380	0.00263	0.00582	0.00618	0.00814	0.01502	0.07605	0.06643	0.73282	0.01789	0.00350	0.00363	0.03000	0.00259	0.00255
31	0.03790	0.00721	0.00772	0.00686	0.00881	0.03099	0.00536	0.08470	0.33402	0.09752	0.17019	0.04353	0.09650	0.00645	0.00417	0.00129	0.00298	0.02169	0.02683	0.00528

[dist]
# distance from previous block
# <min> <max>
0	1

[block]
# block no. 9 follows, 68 sequences, length 33
# corresponding to MSA columns:
# 431-463
name=unknown_J
#
# <colnr> <probs for GDERKNQSTAVLIFYWHMCP>
#	G	D	E	R	K	N	Q	S	T	A	V	L	I	F	Y	W	H	M	C	P
0	0.70779	0.02464	0.11073	0.02042	0.00958	0.00917	0.01927	0.03611	0.00739	0.01699	0.00591	0.00691	0.00452	0.00372	0.00273	0.00123	0.00357	0.00235	0.00237	0.00460
1	0.00562	0.00390	0.00464	0.00481	0.00508	0.00386	0.00310	0.00605	0.00666	0.00880	0.03332	0.11609	0.08354	0.56532	0.06217	0.00332	0.00385	0.07434	0.00277	0.00276
2	0.01467	0.01022	0.01134	0.00889	0.01182	0.04517	0.02879	0.49978	0.10451	0.18022	0.01111	0.01077	0.00779	0.00486	0.00426	0.00123	0.03038	0.00373	0.00396	0.00649
3	0.00869	0.00721	0.00855	0.00663	0.03496	0.00574	0.00507	0.01111	0.06423	0.03980	0.00796	0.00889	0.00644	0.00318	0.00308	0.00068	0.00302	0.00258	0.00253	0.76966
4	0.00483	0.00345	0.00460	0.00552	0.00575	0.00322	0.00368	0.00552	0.00759	0.01012	0.02185	0.85807	0.02622	0.01242	0.00506	0.00161	0.00230	0.01127	0.00368	0.00322
5	0.01165	0.00875	0.04886	0.06307	0.06919	0.00830	0.16334	0.12104	0.08928	0.22193	0.01226	0.05223	0.00970	0.01721	0.00459	0.00135	0.01628	0.05722	0.00335	0.02041
6	0.03989	0.06523	0.01129	0.12736	0.04240	0.11717	0.03000	0.07423	0.39250	0.01451	0.01118	0.01153	0.00856	0.00471	0.00412	0.00126	0.03168	0.00374	0.00305	0.00560
7	0.00712	0.00584	0.00823	0.04542	0.17915	0.00587	0.00669	0.01981	0.06957	0.01292	0.12953	0.04125	0.15453	0.00810	0.01277	0.00148	0.00338	0.25223	0.03169	0.00441
8	0.00579	0.00425	0.00608	0.00678	0.00748	0.00413	0.02774	0.00716	0.00846	0.01112	0.02101	0.40005	0.02385	0.01139	0.00527	0.00172	0.00314	0.43746	0.00362	0.00351
9	0.00902	0.00831	0.01347	0.33558	0.36596	0.00905	0.03447	0.07391	0.02621	0.01276	0.00937	0.01238	0.03989	0.00431	0.00404	0.00127	0.00479	0.02765	0.00220	0.00538
10	0.01126	0.11414	0.11712	0.00989	0.01282	0.29722	0.13536	0.04148	0.03620	0.04746	0.07649	0.01143	0.03481	0.00448	0.00380	0.00113	0.00542	0.00364	0.03084	0.00501
11	0.00491	0.00350	0.00466	0.00556	0.00581	0.00329	0.00375	0.00563	0.00761	0.01013	0.02159	0.80615	0.02580	0.03313	0.00545	0.00167	0.00239	0.04209	0.00365	0.00322
12	0.01989	0.00680	0.01018	0.24834	0.10885	0.04057	0.08814	0.00900	0.00739	0.00981	0.00957	0.02911	0.00948	0.34242	0.03192	0.00243	0.01549	0.00460	0.00212	0.00389
13	0.00497	0.00360	0.00465	0.00538	0.00576	0.00334	0.00368	0.00577	0.00791	0.01047	0.07016	0.67119	0.09537	0.04843	0.00567	0.00167	0.00237	0.04269	0.00366	0.00324
14	0.00879	0.00812	0.01311	0.52049	0.19562	0.00933	0.04715	0.07282	0.06233	0.01238	0.00796	0.01061	0.00608	0.00400	0.00399	0.00128	0.00502	0.00364	0.00213	0.00514
15	0.01107	0.01261	0.06259	0.07226	0.32620	0.24434	0.05878	0.04162	0.08116	0.01243	0.00782	0.00947	0.00628	0.00403	0.00417	0.00119	0.03284	0.00337	0.00220	0.00555
16	0.00802	0.00508	0.00632	0.00551	0.00713	0.00467	0.00426	0.02058	0.06454	0.13424	0.49630	0.02409	0.07714	0.00694	0.00430	0.00118	0.00231	0.00599	0.03663	0.08477
17	0.00889	0.03335	0.03396	0.04089	0.00918	0.00741	0.00569	0.23337	0.02396	0.03290	0.01484	0.20603	0.07109	0.14547	0.02902	0.02014	0.05365	0.02251	0.00319	0.00444
18	0.00484	0.00361	0.00444	0.00509	0.00559	0.00328	0.00345	0.00557	0.00787	0.01016	0.02605	0.61289	0.22970	0.05074	0.00566	0.00164	0.00230	0.01029	0.00362	0.00321
19	0.00665	0.00361	0.00533	0.00533	0.00550	0.00372	0.00369	0.00568	0.00565	0.00779	0.03221	0.01326	0.00841	0.01610	0.15818	0.68071	0.00459	0.00370	0.02773	0.00215
20	0.00822	0.00705	0.00822	0.00587	0.00940	0.00529	0.00470	0.00998	0.00822	0.01292	0.00705	0.00822	0.00587	0.00294	0.00294	0.00059	0.00294	0.00235	0.00235	0.88490
21	0.00749	0.00705	0.01189	0.85113	0.02731	0.00881	0.01101	0.01013	0.00793	0.01013	0.00705	0.01057	0.00529	0.00396	0.00396	0.00132	0.00529	0.00352	0.00176	0.00440
22	0.00576	0.00387	0.00444	0.00444	0.00448	0.00391	0.00255	0.00584	0.00580	0.00778	0.01238	0.02535	0.01415	0.81265	0.06783	0.00399	0.00424	0.00568	0.00239	0.00247
23	0.00884	0.00909	0.01327	0.12169	0.01380	0.04502	0.09501	0.01021	0.00687	0.00996	0.00578	0.00908	0.00530	0.00605	0.01056	0.00161	0.61808	0.00357	0.00178	0.00446
24	0.00717	0.00750	0.14551	0.00699	0.00911	0.00533	0.05633	0.00970	0.03423	0.07504	0.45107	0.06276	0.07691	0.01851	0.00469	0.00132	0.00306	0.01665	0.00369	0.00442
25	0.02144	0.12587	0.17219	0.02428	0.03457	0.01786	0.04051	0.07976	0.22661	0.03433	0.07785	0.08409	0.01166	0.00540	0.00413	0.00126	0.02528	0.00446	0.00299	0.00546
26	0.00550	0.00418	0.00507	0.00482	0.00591	0.00383	0.00363	0.00742	0.03600	0.01453	0.59635	0.03144	0.24961	0.00854	0.00466	0.00127	0.00195	0.00741	0.00417	0.00371
27	0.01400	0.08578	0.01289	0.02855	0.16021	0.02441	0.04119	0.23728	0.04873	0.29028	0.01094	0.01087	0.00768	0.00441	0.00386	0.00118	0.00420	0.00364	0.00356	0.00635
28	0.01025	0.01213	0.18753	0.06332	0.17790	0.03288	0.17462	0.16607	0.04138	0.02711	0.04150	0.01062	0.00746	0.00417	0.00430	0.00126	0.02541	0.00381	0.00249	0.00579
29	0.02569	0.22273	0.01261	0.00756	0.01043	0.01136	0.00648	0.40319	0.05169	0.07942	0.00967	0.00992	0.00722	0.00442	0.00343	0.00108	0.00385	0.00328	0.12009	0.00587
30	0.00489	0.00348	0.00458	0.00544	0.00566	0.00326	0.00360	0.00554	0.00747	0.00996	0.02123	0.80285	0.02544	0.06871	0.00606	0.00176	0.00240	0.01091	0.00360	0.00317
31	0.03737	0.04951	0.40793	0.01118	0.03925	0.18826	0.08638	0.04566	0.00955	0.02408	0.03274	0.00952	0.00654	0.00412	0.00395	0.00121	0.02087	0.01442	0.00207	0.00540
32	0.25816	0.01977	0.00993	0.04704	0.14988	0.04576	0.03199	0.08829	0.07319	0.10402	0.02976	0.01181	0.05335	0.01557	0.01893	0.00133	0.00397	0.00360	0.00293	0.03072

[dist]
# distance from previous block
# <min> <max>
1	15

[block]
# block no. 10 follows, 68 sequences, length 38
# corresponding to MSA columns:
# 479-513,532-534
name=unknown_K
#
# <colnr> <probs for GDERKNQSTAVLIFYWHMCP>
#	G	D	E	R	K	N	Q	S	T	A	V	L	I	F	Y	W	H	M	C	P
0	0.00949	0.00921	0.02396	0.21794	0.33062	0.07405	0.00970	0.06765	0.06729	0.01309	0.04733	0.01209	0.04193	0.00439	0.00406	0.00120	0.01555	0.00383	0.00240	0.04421
1	0.02558	0.02516	0.01006	0.04966	0.05520	0.10066	0.01868	0.05000	0.02379	0.43029	0.05042	0.02876	0.00975	0.00471	0.00384	0.00114	0.00392	0.00383	0.00376	0.10080
2	0.01015	0.24357	0.24213	0.01162	0.14742	0.08688	0.02208	0.06597	0.06503	0.01239	0.00754	0.00892	0.00610	0.01845	0.01807	0.00125	0.02174	0.00303	0.00210	0.00556
3	0.00584	0.00407	0.00534	0.00508	0.00601	0.00375	0.00379	0.00761	0.01096	0.03461	0.75436	0.09091	0.03594	0.00835	0.00469	0.00127	0.00194	0.00740	0.00433	0.00377
4	0.00591	0.00451	0.00512	0.00486	0.00612	0.00418	0.00365	0.00816	0.08534	0.03522	0.34264	0.03165	0.40179	0.03705	0.00512	0.00138	0.00216	0.00734	0.00397	0.00383
5	0.00795	0.02051	0.84011	0.01130	0.01716	0.00921	0.01465	0.01256	0.00837	0.01256	0.00712	0.00837	0.00502	0.00377	0.00377	0.00126	0.00586	0.00293	0.00167	0.00586
6	0.00498	0.00368	0.00464	0.00523	0.00577	0.00337	0.00365	0.00591	0.00833	0.01096	0.12352	0.55474	0.17921	0.02674	0.00523	0.00156	0.00228	0.04313	0.00374	0.00331
7	0.00971	0.01290	0.21803	0.08414	0.14020	0.14425	0.04747	0.07325	0.00929	0.01231	0.00760	0.00978	0.00613	0.00706	0.09830	0.00181	0.08374	0.00336	0.02551	0.00518
8	0.00668	0.00575	0.00905	0.00740	0.00917	0.00540	0.16954	0.00932	0.06202	0.01448	0.44856	0.02461	0.13053	0.00690	0.00450	0.00125	0.00298	0.00634	0.04412	0.03140
9	0.03426	0.02060	0.02685	0.03822	0.06940	0.05864	0.06458	0.20665	0.01113	0.04719	0.00818	0.00955	0.00641	0.00379	0.00353	0.00096	0.00411	0.01589	0.00275	0.36732
10	0.00577	0.00423	0.00598	0.00666	0.00738	0.00408	0.02376	0.00710	0.00840	0.01109	0.02084	0.42182	0.02371	0.01132	0.00522	0.00169	0.00308	0.40461	0.00360	0.01967
11	0.01128	0.00922	0.00976	0.00836	0.01085	0.01052	0.00662	0.23880	0.60873	0.01887	0.01434	0.01336	0.01065	0.00521	0.00402	0.00130	0.00347	0.00423	0.00402	0.00640
12	0.00964	0.25850	0.19978	0.03560	0.06408	0.12374	0.03089	0.01186	0.00850	0.01091	0.00683	0.00845	0.00570	0.00587	0.07620	0.00147	0.01793	0.00280	0.00189	0.11938
13	0.02290	0.00960	0.01151	0.07712	0.13839	0.04898	0.00792	0.38372	0.01371	0.15990	0.01030	0.04529	0.00779	0.00499	0.01193	0.00125	0.00437	0.00386	0.00346	0.03300
14	0.00652	0.00483	0.00714	0.00772	0.00877	0.00480	0.04234	0.00841	0.00914	0.01190	0.02042	0.04322	0.02208	0.01062	0.00544	0.00180	0.00378	0.77375	0.00358	0.00373
15	0.01072	0.02672	0.04327	0.16493	0.13303	0.10821	0.10455	0.14587	0.02466	0.07300	0.03272	0.07664	0.02115	0.00491	0.00407	0.00124	0.00486	0.00433	0.00979	0.00533
16	0.00997	0.20234	0.15590	0.01269	0.10872	0.04610	0.23847	0.05119	0.05218	0.02683	0.00851	0.01899	0.02247	0.00399	0.00404	0.00119	0.02511	0.00364	0.00217	0.00550
17	0.00480	0.00399	0.00402	0.00405	0.00534	0.00336	0.00302	0.00583	0.00896	0.01086	0.03847	0.06252	0.77527	0.00989	0.00462	0.00133	0.00201	0.00826	0.04003	0.00336
18	0.00929	0.01048	0.02221	0.01605	0.01963	0.01025	0.73575	0.01237	0.00901	0.01237	0.00772	0.01048	0.00593	0.00372	0.00556	0.00138	0.09603	0.00455	0.00198	0.00524
19	0.03675	0.04542	0.01071	0.01616	0.01064	0.18364	0.06288	0.09297	0.15041	0.07092	0.00999	0.01283	0.00850	0.14676	0.02607	0.00180	0.10197	0.00389	0.00279	0.00489
20	0.19391	0.00744	0.00867	0.00684	0.00970	0.00731	0.00563	0.13542	0.01135	0.51591	0.01257	0.01153	0.00826	0.00462	0.00362	0.00121	0.00339	0.00354	0.04298	0.00611
21	0.00510	0.00391	0.00444	0.00462	0.00563	0.00341	0.00334	0.00613	0.00893	0.02758	0.12901	0.26926	0.49380	0.01038	0.00478	0.00140	0.00210	0.00896	0.00379	0.00343
22	0.00543	0.00407	0.00509	0.00561	0.00633	0.00388	0.00417	0.00691	0.04230	0.01114	0.08048	0.39283	0.18515	0.04573	0.01898	0.00173	0.00271	0.17033	0.00366	0.00347
23	0.04132	0.04322	0.51984	0.01132	0.01618	0.00958	0.14426	0.05187	0.06434	0.04879	0.00824	0.00932	0.00592	0.00389	0.00387	0.00126	0.00548	0.00334	0.00216	0.00580
24	0.00727	0.00368	0.00374	0.00378	0.00467	0.00367	0.00281	0.00907	0.00828	0.01457	0.01334	0.05358	0.01090	0.00498	0.00288	0.00096	0.00187	0.00404	0.84223	0.00367
25	0.00537	0.00401	0.00507	0.00549	0.00633	0.00371	0.00423	0.00669	0.00914	0.01197	0.20113	0.26237	0.23058	0.01051	0.00499	0.00152	0.00249	0.21710	0.00382	0.00348
26	0.04956	0.08177	0.39440	0.01337	0.18191	0.02315	0.06908	0.02751	0.07140	0.01302	0.00771	0.00908	0.00590	0.00390	0.00402	0.00123	0.03200	0.00322	0.00202	0.00576
27	0.03533	0.00763	0.05197	0.01034	0.17717	0.00688	0.00706	0.06445	0.06995	0.25911	0.14402	0.05566	0.06973	0.00585	0.00415	0.00126	0.00343	0.01671	0.00371	0.00559
28	0.01021	0.00725	0.00757	0.00659	0.00850	0.01781	0.00523	0.23466	0.23400	0.01788	0.01312	0.01449	0.01022	0.00512	0.00356	0.00115	0.00302	0.03717	0.35719	0.00524
29	0.00487	0.00381	0.00442	0.00482	0.00567	0.00337	0.00347	0.00582	0.00857	0.01078	0.07146	0.36897	0.43266	0.01095	0.00487	0.00147	0.00219	0.04480	0.00371	0.00333
30	0.15237	0.03485	0.03237	0.06135	0.01166	0.08096	0.03207	0.17821	0.01087	0.18158	0.04350	0.03743	0.00845	0.00509	0.00482	0.00128	0.10459	0.01004	0.00316	0.00536
31	0.00815	0.07497	0.76939	0.01112	0.01678	0.00965	0.03149	0.01252	0.00837	0.01235	0.00703	0.00829	0.00505	0.00373	0.00371	0.00123	0.00577	0.00291	0.00168	0.00580
32	0.00487	0.00359	0.00457	0.00530	0.00575	0.00329	0.00363	0.00567	0.00798	0.01044	0.05052	0.67780	0.16002	0.01186	0.00500	0.00156	0.00227	0.02893	0.00370	0.00327
33	0.01002	0.01000	0.01428	0.15669	0.54919	0.10675	0.01097	0.03918	0.00948	0.01255	0.02599	0.01048	0.01910	0.00391	0.00392	0.00119	0.00497	0.00357	0.00208	0.00569
34	0.00819	0.00768	0.01288	0.58098	0.25549	0.00888	0.01108	0.02285	0.00839	0.01115	0.00761	0.03368	0.00617	0.00409	0.00398	0.00129	0.00503	0.00374	0.00190	0.00494
35	0.11519	0.04408	0.01853	0.01191	0.21588	0.00964	0.00789	0.22536	0.01112	0.10676	0.02594	0.07436	0.00865	0.00521	0.00479	0.00128	0.09405	0.01067	0.00303	0.00566
36	0.01353	0.01672	0.01098	0.01022	0.03434	0.69075	0.00756	0.01484	0.02763	0.01035	0.06261	0.00901	0.00749	0.00456	0.00431	0.00110	0.06419	0.00300	0.00222	0.00460
37	0.02421	0.00805	0.00900	0.00744	0.02467	0.01592	0.00578	0.19509	0.19339	0.06123	0.03706	0.07413	0.01885	0.00497	0.00371	0.00105	0.00331	0.00408	0.00339	0.30467

[dist]
# distance from previous block
# <min> <max>
1	3

[block]
# block no. 11 follows, 68 sequences, length 14
# corresponding to MSA columns:
# 539-541,549-559
name=unknown_L
#
# <colnr> <probs for GDERKNQSTAVLIFYWHMCP>
#	G	D	E	R	K	N	Q	S	T	A	V	L	I	F	Y	W	H	M	C	P
0	0.00551	0.00370	0.00482	0.00544	0.00595	0.00339	0.00373	0.00634	0.00811	0.05210	0.06871	0.69818	0.09597	0.01160	0.00495	0.00155	0.00230	0.01042	0.00378	0.00344
1	0.01178	0.34230	0.18918	0.00803	0.01167	0.01084	0.02000	0.08360	0.00990	0.20439	0.04529	0.00994	0.00780	0.00439	0.00368	0.02135	0.00430	0.00314	0.00276	0.00565
2	0.00644	0.00509	0.00657	0.05866	0.03065	0.00526	0.00551	0.00945	0.14279	0.01215	0.06390	0.25682	0.12202	0.00955	0.00485	0.00155	0.00303	0.24805	0.00360	0.00405
3	0.07763	0.26399	0.51140	0.00938	0.01417	0.01096	0.01129	0.01250	0.00824	0.03744	0.00679	0.00779	0.00513	0.00369	0.00332	0.00113	0.00509	0.00267	0.00184	0.00554
4	0.00949	0.45352	0.07665	0.00702	0.00963	0.01133	0.00662	0.07797	0.02679	0.01061	0.00709	0.00911	0.00630	0.00872	0.11302	0.15168	0.00503	0.00285	0.00200	0.00454
5	0.00640	0.00355	0.00490	0.00497	0.00505	0.00350	0.00324	0.00534	0.00566	0.00748	0.01078	0.07967	0.05140	0.17863	0.01508	0.60209	0.00336	0.00473	0.00210	0.00205
6	0.01257	0.15409	0.03189	0.00970	0.04998	0.35889	0.00755	0.10512	0.20643	0.01319	0.00887	0.00926	0.00701	0.00432	0.00358	0.00110	0.00526	0.00311	0.00266	0.00542
7	0.00581	0.00421	0.00519	0.00519	0.00625	0.00378	0.00392	0.00716	0.00942	0.03737	0.29061	0.18342	0.23770	0.03784	0.00526	0.00146	0.00236	0.10499	0.00383	0.04420
8	0.00917	0.35364	0.45008	0.05170	0.01476	0.03569	0.01115	0.01226	0.00831	0.01107	0.00645	0.00765	0.00506	0.00364	0.00329	0.00109	0.00523	0.00263	0.00170	0.00544
9	0.03493	0.01506	0.01141	0.03010	0.01224	0.49291	0.00778	0.19581	0.01194	0.01332	0.00676	0.00798	0.00547	0.00465	0.00506	0.00118	0.13302	0.00293	0.00243	0.00503
10	0.01392	0.00631	0.00818	0.00669	0.00913	0.00579	0.00543	0.04887	0.06369	0.53038	0.11984	0.04269	0.04574	0.00602	0.00417	0.00127	0.00309	0.04189	0.03104	0.00587
11	0.00561	0.00449	0.00646	0.00659	0.00710	0.00467	0.04543	0.00653	0.00753	0.01016	0.01934	0.56565	0.06255	0.04666	0.05293	0.00196	0.09017	0.04945	0.00326	0.00345
12	0.00831	0.27138	0.05041	0.00738	0.00893	0.02837	0.02081	0.00959	0.02554	0.00958	0.03052	0.05465	0.00960	0.20677	0.05164	0.00211	0.19401	0.00411	0.00212	0.00414
13	0.00932	0.00874	0.02528	0.20448	0.29788	0.04675	0.05129	0.05589	0.00940	0.03474	0.02749	0.02321	0.03793	0.00430	0.00391	0.00116	0.00455	0.02223	0.00234	0.12912

[dist]
# distance from previous block
# <min> <max>
0	5

[block]
# block no. 12 follows, 68 sequences, length 59
# corresponding to MSA columns:
# 565-584,592-630
name=unknown_M
#
# <colnr> <probs for GDERKNQSTAVLIFYWHMCP>
#	G	D	E	R	K	N	Q	S	T	A	V	L	I	F	Y	W	H	M	C	P
0	0.04207	0.10349	0.01241	0.06387	0.03113	0.29851	0.03009	0.25278	0.02215	0.03818	0.00782	0.00913	0.00620	0.03118	0.01624	0.00128	0.02233	0.00314	0.00268	0.00531
1	0.00575	0.00384	0.00433	0.00435	0.00435	0.00383	0.00243	0.00576	0.00580	0.00774	0.01269	0.04305	0.01466	0.84322	0.01987	0.00380	0.00381	0.00588	0.00243	0.00242
2	0.00912	0.54716	0.02805	0.00673	0.00935	0.01176	0.02678	0.03713	0.00879	0.01095	0.11440	0.10825	0.02455	0.02121	0.00364	0.00110	0.00375	0.02016	0.00243	0.00467
3	0.05040	0.03459	0.06453	0.19274	0.11736	0.00803	0.05506	0.04050	0.08068	0.04475	0.12259	0.01619	0.05081	0.00528	0.00420	0.00127	0.01796	0.05079	0.00280	0.03947
4	0.00808	0.00631	0.00739	0.09306	0.00982	0.02714	0.01339	0.16730	0.02352	0.04120	0.16479	0.08617	0.27307	0.00782	0.00448	0.00133	0.00314	0.05394	0.00364	0.00440
5	0.00593	0.00420	0.00490	0.00465	0.00591	0.00367	0.00351	0.00732	0.01008	0.06641	0.37316	0.04816	0.42975	0.00894	0.00464	0.00130	0.00204	0.00763	0.00405	0.00373
