genomes: 40

=== locus F1 ===
Spearman(log complete_train, diff) 0.417; (log final, diff) 0.532; (log complete_genome, diff) 0.555
mean F1 always-PASA 66.85, always-BUSCO 67.36
T	n>=T	pos>=T	mean diff >=T [95%CI]	n<T	mean diff <T	gain vs PASA [CI]	gain vs BUSCO [CI]
100	40	28	-0.51 [-2.01, +0.75]	0	+nan	+0.00 [+0.00, +0.00]	-0.51 [-2.01, +0.75]
150	39	28	-0.23 [-1.67, +0.93]	1	-11.30	+0.28 [+0.00, +0.85]	-0.23 [-1.64, +0.90]
200	39	28	-0.23 [-1.67, +0.93]	1	-11.30	+0.28 [+0.00, +0.85]	-0.23 [-1.64, +0.90]
250	39	28	-0.23 [-1.67, +0.93]	1	-11.30	+0.28 [+0.00, +0.85]	-0.23 [-1.64, +0.90]
300	39	28	-0.23 [-1.67, +0.93]	1	-11.30	+0.28 [+0.00, +0.85]	-0.23 [-1.64, +0.90]
350	37	28	+0.59 [-0.10, +1.24]	3	-14.10	+1.06 [+0.00, +2.40]	+0.55 [-0.09, +1.15]
400	36	28	+0.74 [+0.10, +1.35]	4	-11.80	+1.18 [+0.12, +2.52]	+0.67 [+0.08, +1.21]
450	35	27	+0.68 [+0.02, +1.31]	5	-8.87	+1.11 [+0.05, +2.48]	+0.60 [+0.01, +1.14]
500	35	27	+0.68 [+0.02, +1.31]	5	-8.87	+1.11 [+0.05, +2.48]	+0.60 [+0.01, +1.14]
600	35	27	+0.68 [+0.02, +1.31]	5	-8.87	+1.11 [+0.05, +2.48]	+0.60 [+0.01, +1.14]
700	34	26	+0.64 [-0.05, +1.28]	6	-7.03	+1.05 [-0.00, +2.41]	+0.54 [-0.05, +1.10]
800	31	25	+0.77 [+0.03, +1.43]	9	-4.94	+1.11 [+0.05, +2.49]	+0.60 [+0.02, +1.14]
1000	31	25	+0.77 [+0.03, +1.43]	9	-4.94	+1.11 [+0.05, +2.49]	+0.60 [+0.02, +1.14]
1250	29	24	+0.85 [+0.06, +1.53]	11	-4.09	+1.13 [+0.06, +2.51]	+0.61 [+0.04, +1.14]
1500	24	22	+0.98 [+0.54, +1.39]	16	-2.75	+1.10 [-0.08, +2.53]	+0.59 [+0.30, +0.90]
2000	14	13	+1.07 [+0.42, +1.67]	26	-1.36	+0.89 [-0.31, +2.36]	+0.38 [+0.12, +0.66]
2500	11	11	+1.43 [+0.95, +1.92]	29	-1.25	+0.90 [-0.32, +2.39]	+0.39 [+0.17, +0.65]
3000	8	8	+1.61 [+1.01, +2.20]	32	-1.04	+0.83 [-0.39, +2.32]	+0.32 [+0.11, +0.58]
conservative T* (lower CI of mean diff among >=T is >= 0 here and above, n>=5): 800

=== exon F1 ===
Spearman(log complete_train, diff) 0.427; (log final, diff) 0.453; (log complete_genome, diff) 0.539
mean F1 always-PASA 74.16, always-BUSCO 74.75
T	n>=T	pos>=T	mean diff >=T [95%CI]	n<T	mean diff <T	gain vs PASA [CI]	gain vs BUSCO [CI]
100	40	29	-0.59 [-2.04, +0.53]	0	+nan	+0.00 [+0.00, +0.00]	-0.59 [-2.04, +0.53]
150	39	29	-0.45 [-1.87, +0.70]	1	-6.31	+0.16 [+0.00, +0.47]	-0.44 [-1.83, +0.68]
200	39	29	-0.45 [-1.87, +0.70]	1	-6.31	+0.16 [+0.00, +0.47]	-0.44 [-1.83, +0.68]
250	39	29	-0.45 [-1.87, +0.70]	1	-6.31	+0.16 [+0.00, +0.47]	-0.44 [-1.83, +0.68]
300	39	29	-0.45 [-1.87, +0.70]	1	-6.31	+0.16 [+0.00, +0.47]	-0.44 [-1.83, +0.68]
350	37	29	+0.38 [-0.28, +0.96]	3	-12.60	+0.95 [+0.00, +2.22]	+0.35 [-0.26, +0.89]
400	36	29	+0.54 [-0.05, +1.07]	4	-10.84	+1.08 [+0.14, +2.41]	+0.49 [-0.04, +0.96]
450	35	28	+0.50 [-0.10, +1.04]	5	-8.29	+1.04 [+0.06, +2.40]	+0.44 [-0.09, +0.91]
500	35	28	+0.50 [-0.10, +1.04]	5	-8.29	+1.04 [+0.06, +2.40]	+0.44 [-0.09, +0.91]
600	35	28	+0.50 [-0.10, +1.04]	5	-8.29	+1.04 [+0.06, +2.40]	+0.44 [-0.09, +0.91]
700	34	27	+0.48 [-0.14, +1.03]	6	-6.67	+1.00 [+0.02, +2.34]	+0.41 [-0.12, +0.89]
800	31	26	+0.65 [-0.02, +1.19]	9	-4.87	+1.10 [+0.08, +2.40]	+0.50 [-0.01, +0.95]
1000	31	26	+0.65 [-0.02, +1.19]	9	-4.87	+1.10 [+0.08, +2.40]	+0.50 [-0.01, +0.95]
1250	29	25	+0.71 [+0.01, +1.31]	11	-4.04	+1.11 [+0.10, +2.41]	+0.52 [+0.01, +0.96]
1500	24	23	+0.91 [+0.50, +1.33]	16	-2.85	+1.14 [+0.06, +2.50]	+0.54 [+0.28, +0.84]
2000	14	13	+0.78 [+0.23, +1.24]	26	-1.34	+0.87 [-0.24, +2.32]	+0.27 [+0.07, +0.49]
2500	11	11	+1.09 [+0.76, +1.45]	29	-1.23	+0.89 [-0.21, +2.32]	+0.30 [+0.13, +0.49]
3000	8	8	+1.19 [+0.77, +1.63]	32	-1.04	+0.83 [-0.26, +2.28]	+0.24 [+0.09, +0.43]
conservative T* (lower CI of mean diff among >=T is >= 0 here and above, n>=5): 1250

=== intron_chain F1 ===
Spearman(log complete_train, diff) 0.325; (log final, diff) 0.382; (log complete_genome, diff) 0.461
mean F1 always-PASA 54.41, always-BUSCO 54.48
T	n>=T	pos>=T	mean diff >=T [95%CI]	n<T	mean diff <T	gain vs PASA [CI]	gain vs BUSCO [CI]
100	40	30	-0.07 [-1.37, +1.01]	0	+nan	+0.00 [+0.00, +0.00]	-0.07 [-1.37, +1.01]
150	39	30	-0.04 [-1.37, +1.06]	1	-1.20	+0.03 [+0.00, +0.09]	-0.04 [-1.36, +1.03]
200	39	30	-0.04 [-1.37, +1.06]	1	-1.20	+0.03 [+0.00, +0.09]	-0.04 [-1.36, +1.03]
250	39	30	-0.04 [-1.37, +1.06]	1	-1.20	+0.03 [+0.00, +0.09]	-0.04 [-1.36, +1.03]
300	39	30	-0.04 [-1.37, +1.06]	1	-1.20	+0.03 [+0.00, +0.09]	-0.04 [-1.36, +1.03]
350	37	30	+0.68 [-0.19, +1.40]	3	-9.32	+0.70 [+0.00, +1.74]	+0.63 [-0.18, +1.30]
400	36	30	+0.83 [+0.03, +1.52]	4	-8.22	+0.82 [+0.03, +1.88]	+0.75 [+0.03, +1.36]
450	35	29	+0.76 [-0.05, +1.45]	5	-5.91	+0.74 [-0.07, +1.84]	+0.67 [-0.04, +1.26]
500	35	29	+0.76 [-0.05, +1.45]	5	-5.91	+0.74 [-0.07, +1.84]	+0.67 [-0.04, +1.26]
600	35	29	+0.76 [-0.05, +1.45]	5	-5.91	+0.74 [-0.07, +1.84]	+0.67 [-0.04, +1.26]
700	34	28	+0.76 [-0.07, +1.47]	6	-4.80	+0.72 [-0.09, +1.84]	+0.65 [-0.06, +1.25]
800	31	26	+0.99 [+0.52, +1.49]	9	-3.73	+0.84 [-0.12, +2.00]	+0.77 [+0.38, +1.18]
1000	31	26	+0.99 [+0.52, +1.49]	9	-3.73	+0.84 [-0.12, +2.00]	+0.77 [+0.38, +1.18]
1250	29	24	+1.05 [+0.54, +1.57]	11	-3.02	+0.83 [-0.14, +1.99]	+0.76 [+0.37, +1.18]
1500	24	21	+0.99 [+0.65, +1.35]	16	-1.67	+0.67 [-0.36, +1.92]	+0.60 [+0.35, +0.86]
2000	14	13	+1.15 [+0.71, +1.61]	26	-0.73	+0.47 [-0.60, +1.76]	+0.40 [+0.19, +0.65]
2500	11	11	+1.37 [+0.93, +1.84]	29	-0.62	+0.45 [-0.62, +1.73]	+0.38 [+0.17, +0.63]
3000	8	8	+1.51 [+0.93, +2.10]	32	-0.47	+0.37 [-0.70, +1.67]	+0.30 [+0.10, +0.54]
conservative T* (lower CI of mean diff among >=T is >= 0 here and above, n>=5): 800
