Item 3 (D121): masked F1, mean of 3 repeats; 95% CI from repeat SDs (t, 4 df), run noise only.

== locus F1 ==
genome	shared_med	own_med	shared_cplt	own_cplt	pasa	busco	pasa_own	busco_own	pasa-busco	pasa_own-busco_own	pasa_own-pasa	busco_own-busco	best_own-best_shared
Exophiala_xenobiotica_CBS_118157	435	1854	482	6778	52.71	67.57	76.98	74.58	-14.86 [-15.12, -14.60]	+2.40 [+2.25, +2.56]	+24.27 [+24.16, +24.38]	+7.01 [+6.73, +7.29]	9.41
Schizophyllum_commune_H4-8	642	656	696	522	33.52	40.2	34.46	40.15	-6.68 [-6.82, -6.53]	-5.68 [-5.78, -5.59]	+0.94 [+0.85, +1.02]	-0.06 [-0.20, +0.09]	-0.06
Pseudozyma_hubeiensis_SY62	521	438	843	144	40.28	55.49	29.61	54.71	-15.21 [-15.51, -14.92]	-25.10 [-25.39, -24.81]	-10.67 [-10.94, -10.39]	-0.78 [-1.09, -0.47]	-0.78
Aspergillus_niger_CBS_101883	549	2077	976	7147	29.9	47.73	54.31	51.72	-17.82 [-18.09, -17.56]	+2.59 [+2.52, +2.66]	+24.40 [+24.28, +24.52]	+3.99 [+3.74, +4.24]	6.58
Naumovozyma_castellii_type_strain_CBS_4309	721	729	1998	2557	77.94	79.46	82.02	83.31	-1.52 [-1.77, -1.27]	-1.29 [-1.61, -0.97]	+4.09 [+3.88, +4.29]	+3.85 [+3.51, +4.20]	3.85
Trametes_versicolor_FP-101664_SS1	629	649	2745	3378	44.0	43.88	44.21	43.56	+0.11 [-0.07, +0.30]	+0.64 [+0.54, +0.75]	+0.21 [+0.04, +0.37]	-0.32 [-0.46, -0.19]	0.21
Neurospora_crassa_OR74A	912	912	3937	3715	64.06	63.72	65.03	64.43	+0.34 [+0.24, +0.44]	+0.60 [+0.44, +0.77]	+0.97 [+0.87, +1.07]	+0.71 [+0.54, +0.87]	0.97
Aspergillus_nidulans_FGSC_A4	1535	1724	5383	5993	51.2	50.5	50.67	50.31	+0.70 [+0.55, +0.85]	+0.36 [+0.19, +0.53]	-0.53 [-0.70, -0.36]	-0.19 [-0.34, -0.03]	-0.53

== exon F1 ==
genome	shared_med	own_med	shared_cplt	own_cplt	pasa	busco	pasa_own	busco_own	pasa-busco	pasa_own-busco_own	pasa_own-pasa	busco_own-busco	best_own-best_shared
Exophiala_xenobiotica_CBS_118157	435	1854	482	6778	59.19	73.51	81.72	79.47	-14.32 [-14.53, -14.11]	+2.25 [+2.21, +2.29]	+22.53 [+22.50, +22.57]	+5.96 [+5.75, +6.17]	8.21
Schizophyllum_commune_H4-8	642	656	696	522	65.06	72.26	66.03	72.26	-7.20 [-7.30, -7.11]	-6.23 [-6.36, -6.10]	+0.97 [+0.88, +1.07]	+0.00 [-0.13, +0.13]	0.0
Pseudozyma_hubeiensis_SY62	521	438	843	144	33.06	44.47	24.25	43.94	-11.40 [-11.65, -11.16]	-19.69 [-19.89, -19.49]	-8.82 [-9.01, -8.62]	-0.53 [-0.78, -0.28]	-0.53
Aspergillus_niger_CBS_101883	549	2077	976	7147	39.29	58.99	64.82	62.4	-19.69 [-19.88, -19.51]	+2.42 [+2.36, +2.49]	+25.53 [+25.40, +25.66]	+3.41 [+3.26, +3.56]	5.84
Naumovozyma_castellii_type_strain_CBS_4309	721	729	1998	2557	70.55	72.54	76.5	77.94	-2.00 [-2.18, -1.81]	-1.44 [-1.88, -0.99]	+5.95 [+5.77, +6.14]	+5.39 [+4.95, +5.84]	5.39
Trametes_versicolor_FP-101664_SS1	629	649	2745	3378	74.92	74.9	75.11	74.88	+0.02 [-0.08, +0.11]	+0.23 [+0.17, +0.30]	+0.20 [+0.10, +0.30]	-0.02 [-0.06, +0.03]	0.2
Neurospora_crassa_OR74A	912	912	3937	3715	70.63	70.42	71.25	70.85	+0.21 [+0.11, +0.31]	+0.40 [+0.30, +0.51]	+0.62 [+0.51, +0.73]	+0.43 [+0.32, +0.53]	0.62
Aspergillus_nidulans_FGSC_A4	1535	1724	5383	5993	64.8	64.12	64.48	64.02	+0.68 [+0.58, +0.79]	+0.45 [+0.36, +0.55]	-0.33 [-0.42, -0.24]	-0.10 [-0.20, +0.01]	-0.33

== intron_chain F1 ==
genome	shared_med	own_med	shared_cplt	own_cplt	pasa	busco	pasa_own	busco_own	pasa-busco	pasa_own-busco_own	pasa_own-pasa	busco_own-busco	best_own-best_shared
Exophiala_xenobiotica_CBS_118157	435	1854	482	6778	47.93	61.28	71.67	68.59	-13.35 [-13.72, -12.98]	+3.08 [+2.98, +3.19]	+23.74 [+23.59, +23.89]	+7.31 [+6.95, +7.66]	10.39
Schizophyllum_commune_H4-8	642	656	696	522	36.11	43.14	37.04	43.0	-7.03 [-7.16, -6.90]	-5.96 [-6.07, -5.86]	+0.93 [+0.88, +0.98]	-0.14 [-0.30, +0.02]	-0.14
Pseudozyma_hubeiensis_SY62	521	438	843	144	17.22	20.21	12.77	19.35	-3.00 [-3.21, -2.78]	-6.58 [-6.85, -6.31]	-4.45 [-4.69, -4.20]	-0.86 [-1.11, -0.61]	-0.86
Aspergillus_niger_CBS_101883	549	2077	976	7147	29.02	44.88	52.1	49.32	-15.86 [-16.15, -15.57]	+2.78 [+2.73, +2.83]	+23.08 [+22.88, +23.28]	+4.44 [+4.22, +4.66]	7.22
Naumovozyma_castellii_type_strain_CBS_4309	721	729	1998	2557	37.02	35.77	39.55	39.74	+1.24 [+0.81, +1.67]	-0.18 [-0.98, +0.61]	+2.54 [+2.05, +3.02]	+3.96 [+3.20, +4.72]	2.72
Trametes_versicolor_FP-101664_SS1	629	649	2745	3378	45.85	45.69	46.2	45.51	+0.15 [-0.03, +0.33]	+0.69 [+0.56, +0.82]	+0.36 [+0.16, +0.56]	-0.18 [-0.27, -0.09]	0.36
Neurospora_crassa_OR74A	912	912	3937	3715	62.34	61.56	62.99	62.01	+0.78 [+0.66, +0.90]	+0.99 [+0.91, +1.06]	+0.65 [+0.52, +0.78]	+0.44 [+0.38, +0.50]	0.65
Aspergillus_nidulans_FGSC_A4	1535	1724	5383	5993	46.71	45.92	46.19	45.78	+0.79 [+0.64, +0.94]	+0.42 [+0.24, +0.59]	-0.52 [-0.62, -0.42]	-0.15 [-0.36, +0.06]	-0.52

genomes without all four arms (not in item 3, shared arms only): Aspergillus_thermomutatus_HMR_AF_39, Botrytis_cinerea_B05.10

max repeat SD per arm (locus): pasa 0.12, busco 0.18, pasa_own 0.16, busco_own 0.19
