% of scored RefSeq genes per class; inp% = share of non-exact genes where an EVM input had the exact chain; fp% = unmatched final models / scored final models
genome	arm	n	exact	ends_wrong	splice_diff	exons_fewer	exons_more	split	merged	missed	missed_masked	inp%	fp%
A.nig	pasa	8551	19.5	3.5	4.5	10.2	6.6	1.8	0.2	53.7	0.0	37.6	1.1
A.nig	busco	8551	38.1	4.8	6.3	12.7	7.2	2.6	0.8	27.3	0.2	22.1	1.1
A.nig	pasa_own	8551	46.0	4.9	5.3	12.5	6.7	3.0	0.6	21.1	0.1	18.7	2.1
A.nig	busco_own	8551	42.8	4.8	5.1	12.7	7.0	3.0	0.7	23.7	0.2	20.8	2.1
P.hub	pasa	5879	25.7	12.2	2.7	6.6	13.5	2.1	1.5	35.6	0.1	28.8	1.5
P.hub	busco	5879	38.7	14.1	2.3	7.9	9.0	1.6	3.4	22.8	0.2	15.2	1.7
P.hub	pasa_own	5879	16.1	8.1	2.2	5.1	11.0	0.8	1.1	55.4	0.3	35.6	1.0
P.hub	busco_own	5879	38.0	12.9	2.8	7.5	9.6	1.5	3.9	23.3	0.4	15.5	1.6
S.com	pasa	14260	24.8	4.3	6.3	15.4	8.6	4.7	4.8	31.0	0.1	19.9	2.1
S.com	busco	14260	30.6	4.8	6.8	11.8	9.8	2.6	7.8	25.7	0.3	14.5	1.7
S.com	pasa_own	14260	25.7	4.3	6.3	15.3	8.7	4.4	4.8	30.5	0.1	19.1	2.0
S.com	busco_own	14260	30.5	4.7	6.9	11.7	9.9	2.6	7.9	25.6	0.3	14.4	1.6
E.xen	pasa	7948	39.4	10.5	5.1	11.5	8.6	2.1	0.6	22.1	0.1	55.1	1.0
E.xen	busco	7948	57.1	9.8	5.3	9.2	7.0	1.3	2.2	7.8	0.4	40.5	1.5
E.xen	pasa_own	7948	71.6	6.0	3.2	6.6	5.1	1.6	0.9	4.8	0.1	42.0	3.1
E.xen	busco_own	7948	68.7	5.8	3.9	7.6	5.4	1.4	1.2	5.7	0.2	42.8	3.1
A.the	pasa	6131	60.1	6.9	6.2	7.9	10.3	6.5	0.2	1.9	0.0	39.3	8.3
A.the	busco	6131	58.6	6.8	6.2	8.5	10.8	6.3	0.2	2.6	0.1	39.1	8.0
A.nid	pasa	6678	46.5	3.9	10.1	16.2	7.8	2.5	1.0	11.8	0.1	15.6	5.1
A.nid	busco	6678	45.5	3.9	10.1	16.3	7.7	2.3	1.4	12.6	0.2	16.4	5.0
A.nid	pasa_own	6678	46.1	3.9	9.9	16.5	8.4	2.5	1.0	11.6	0.1	16.8	5.4
A.nid	busco_own	6678	45.6	3.9	10.0	16.3	8.1	2.4	1.3	12.2	0.2	17.1	5.3
B.cin	pasa	7740	76.1	6.3	2.6	4.7	5.3	0.5	0.2	4.3	0.0	40.8	7.5
B.cin	busco	7740	72.1	6.7	2.9	5.2	6.1	0.5	0.3	6.1	0.1	44.1	7.0
N.cra	pasa	7127	54.2	6.9	3.9	8.4	7.8	2.1	0.3	16.3	0.0	34.4	1.8
N.cra	busco	7127	53.9	6.8	4.3	8.5	8.4	1.8	0.4	15.9	0.0	34.1	1.8
N.cra	pasa_own	7127	55.0	6.7	3.9	7.9	7.7	1.9	0.4	16.4	0.0	33.5	1.6
N.cra	busco_own	7127	54.3	6.9	4.3	8.0	8.3	1.8	0.4	16.0	0.0	33.5	1.6
T.ver	pasa	11371	36.0	6.6	8.7	11.4	15.2	2.8	4.2	14.6	0.5	22.7	6.7
T.ver	busco	11371	35.3	6.9	8.5	10.6	15.5	2.2	5.6	14.9	0.6	22.5	6.2
T.ver	pasa_own	11371	36.1	7.1	8.1	11.2	16.2	2.8	4.1	13.9	0.5	23.0	7.5
T.ver	busco_own	11371	34.9	7.3	8.2	10.4	16.3	2.3	5.2	14.7	0.6	23.0	7.1
N.cas	pasa	2267	65.5	11.8	0.2	0.3	9.2	0.1	2.3	9.5	1.2	46.1	2.6
N.cas	busco	2267	68.9	11.7	0.3	0.3	7.7	0.1	3.0	6.6	1.4	40.7	3.3
N.cas	pasa_own	2267	73.8	6.2	0.1	0.2	8.9	0.0	2.1	7.9	0.9	41.2	2.5
N.cas	busco_own	2267	75.2	7.7	0.3	0.2	6.7	0.0	1.9	7.1	0.8	38.4	2.8

exact chains available in EVM inputs for non-exact genes, by source (sum over all 36 runs):
Augustus 2518
HiQ 3029
GeneMark 35583
snap 6196
pasa 373
